"","TimePeriod","GeoAreaCode","PC1"
"1",2014,124,26.6
"2",2014,233,21.2
"3",2014,372,23.6
"4",2014,528,18.4
"5",2015,152,24.2
"6",2015,208,9.8
"7",2015,348,29.2
"8",2015,578,16
"9",2015,616,16.4
"10",2015,752,80
"11",2016,233,16.6
"12",2016,528,15.2
"13",2016,554,34
"14",2016,752,94
"15",2016,756,54.4
"16",2017,152,22.4
"17",2017,484,40.4
"18",2018,68,36
"19",2018,233,15.6
"20",2018,250,47
"21",2018,275,21
"22",2018,496,37.8
"23",2018,498,52.6
"24",2018,528,17.4
"25",2018,554,34.8
"26",2018,752,96
"27",2018,756,56.6
"28",2019,250,47
"29",2019,372,35.4
