"","TimePeriod","GeoAreaCode","PC1"
"1",2000,31,98.90822
"2",2000,50,32
"3",2000,51,98.9
"4",2000,64,31.15
"5",2000,68,69.96305
"6",2000,84,79
"7",2000,116,16.6
"8",2000,120,41
"9",2000,140,6
"10",2000,152,97.93869
"11",2000,170,95.2
"12",2000,180,6.7
"13",2000,192,97
"14",2000,214,88.76493
"15",2000,222,84.51925
"16",2000,231,12.7
"17",2000,266,73.6
"18",2000,270,34.3
"19",2000,275,99.7
"20",2000,288,43.7
"21",2000,320,73.31821
"22",2000,332,33.7
"23",2000,360,86.3
"24",2000,364,97.9
"25",2000,426,4.25876
"26",2000,434,99.8
"27",2000,454,4.8
"28",2000,462,83.8
"29",2000,480,99
"30",2000,484,98.00713
"31",2000,496,67.3
"32",2000,516,36.5
"33",2000,533,91.6604
"34",2000,562,6.48148
"35",2000,583,46
"36",2000,591,81.40141
"37",2000,604,72.4965
"38",2000,646,6.2
"39",2000,678,52.9
"40",2000,686,37.74
"41",2000,729,23
"42",2000,762,98.46774
"43",2000,764,82.1
"44",2000,768,16.95623
"45",2000,780,91.29
"46",2000,788,94.8
"47",2000,795,99.6
"48",2000,796,95.6
"49",2000,818,97.7
"50",2000,862,98.9
"51",2000,894,16.7
"52",2001,24,20
"53",2001,32,95.51106
"54",2001,44,96.06555
"55",2001,51,100
"56",2001,68,69.25854
"57",2001,70,99.4
"58",2001,72,24.8
"59",2001,76,96.01653
"60",2001,120,46.2
"61",2001,144,63.6
"62",2001,188,98.24978
"63",2001,204,21.9
"64",2001,214,89.79136
"65",2001,222,87.06383
"66",2001,332,31.54238
"67",2001,340,64.2
"68",2001,356,55.8
"69",2001,360,86.26
"70",2001,388,87.70811
"71",2001,450,14.8
"72",2001,466,10.8
"73",2001,478,22.2
"74",2001,508,5.7
"75",2001,524,24.6
"76",2001,558,72.22158
"77",2001,600,91.04207
"78",2001,604,72.11311
"79",2001,626,25.6
"80",2001,659,93.53
"81",2001,660,96.7
"82",2001,662,89.9
"83",2001,670,82.41
"84",2001,710,70.2
"85",2001,788,97.3
"86",2001,800,8.6
"87",2001,862,99.9
"88",2002,31,100
"89",2002,51,98
"90",2002,68,63.99686
"91",2002,70,98.5
"92",2002,76,96.653
"93",2002,104,47
"94",2002,132,58.6
"95",2002,144,80.7
"96",2002,174,44.8
"97",2002,188,98.50919
"98",2002,192,95.5
"99",2002,212,87.7
"100",2002,214,89.74981
"101",2002,222,87.54906
"102",2002,232,32.2
"103",2002,242,79.63
"104",2002,262,49.7
"105",2002,268,99.9
"106",2002,320,78.66784
"107",2002,340,63.14114
"108",2002,356,62.3
"109",2002,360,87.6
"110",2002,384,51.4
"111",2002,388,86.68129
"112",2002,400,99.5
"113",2002,417,100
"114",2002,418,46.3
"115",2002,480,99.4
"116",2002,484,97.89709
"117",2002,498,99
"118",2002,600,91.66644
"119",2002,604,74.38269
"120",2002,686,36.8
"121",2002,688,100
"122",2002,690,96.1
"123",2002,704,89.1
"124",2002,706,7.4
"125",2002,710,77.1
"126",2002,716,34.2
"127",2002,760,86.6
"128",2002,762,99
"129",2002,788,97.8
"130",2002,798,94.62978
"131",2002,800,7.8
"132",2002,860,99.7
"133",2002,862,99.8
"134",2002,894,17.4
"135",2003,64,41.1
"136",2003,68,72.3
"137",2003,76,96.9801
"138",2003,116,19.3
"139",2003,152,98.78233
"140",2003,188,98.6959
"141",2003,214,89.17381
"142",2003,218,94.97304
"143",2003,222,86.96115
"144",2003,242,80
"145",2003,270,27.8
"146",2003,275,99.1
"147",2003,288,48.3
"148",2003,320,78.5122
"149",2003,332,31.6
"150",2003,340,65.09046
"151",2003,360,87.94
"152",2003,404,16
"153",2003,418,48
"154",2003,450,20.3
"155",2003,454,6.2
"156",2003,496,76.3
"157",2003,508,8.1
"158",2003,566,52.2
"159",2003,591,87.8
"160",2003,600,92.5584
"161",2003,604,74.38097
"162",2003,608,76.6
"163",2003,626,27.7
"164",2003,710,78.8
"165",2003,762,100
"166",2003,788,98.4
"167",2003,818,98.8
"168",2003,834,11.1
"169",2003,854,11.4
"170",2003,862,95.7
"171",2003,894,18.5
"172",2004,50,40.6
"173",2004,76,96.76511
"174",2004,120,47.1
"175",2004,148,3.5
"176",2004,188,98.95478
"177",2004,214,90.31657
"178",2004,222,87.35705
"179",2004,340,67.11353
"180",2004,356,64.4
"181",2004,360,89.01
"182",2004,400,99.17344
"183",2004,422,99.9
"184",2004,426,6.8
"185",2004,454,6.9
"186",2004,484,98.5977
"187",2004,498,99.1
"188",2004,504,78.2
"189",2004,524,37.2
"190",2004,600,93.24988
"191",2004,604,75.69236
"192",2004,608,87.6
"193",2004,686,36.8
"194",2004,694,16.8
"195",2004,710,80.9
"196",2004,788,99
"197",2004,834,11.4
"198",2004,862,99.1
"199",2004,887,49.59
"200",2004,894,20.3
"201",2005,4,23
"202",2005,28,92.2
"203",2005,50,44.23
"204",2005,51,99.8
"205",2005,64,59.80811
"206",2005,68,68.28821
"207",2005,76,97.09351
"208",2005,108,3.20732
"209",2005,116,20.5
"210",2005,132,67
"211",2005,170,96.8
"212",2005,178,33.8
"213",2005,180,6
"214",2005,188,99.05305
"215",2005,214,90.14122
"216",2005,218,95.83265
"217",2005,222,87.52584
"218",2005,231,14
"219",2005,266,81.6
"220",2005,268,97.93505
"221",2005,270,30.45627
"222",2005,296,69.67641
"223",2005,324,20.2
"224",2005,328,77.5
"225",2005,340,68.90331
"226",2005,384,58.9
"227",2005,417,99.44231
"228",2005,418,57.2
"229",2005,478,18.2
"230",2005,484,98.93273
"231",2005,496,86.2
"232",2005,498,98.6
"233",2005,499,99.83022
"234",2005,558,73.82182
"235",2005,562,7.1
"236",2005,585,98.91651
"237",2005,600,94.68689
"238",2005,604,77.17365
"239",2005,646,4.8
"240",2005,686,47.1
"241",2005,688,99.69072
"242",2005,694,11.33249
"243",2005,704,96.1
"244",2005,710,80.9
"245",2005,762,99.3
"246",2005,788,99.3
"247",2005,800,8.9
"248",2005,804,99.88556
"249",2005,818,99.4
"250",2006,31,99.5
"251",2006,50,50.5251
"252",2006,68,76.21128
"253",2006,70,99.38728
"254",2006,76,97.59431
"255",2006,84,90.98853
"256",2006,90,14.4
"257",2006,120,49
"258",2006,140,7.80517
"259",2006,152,99.36811
"260",2006,184,98.60751
"261",2006,188,99.14752
"262",2006,204,27.9
"263",2006,214,90.11815
"264",2006,218,96.31526
"265",2006,222,89.20147
"266",2006,262,55.5
"267",2006,275,99.7
"268",2006,288,55.09345
"269",2006,320,83.731
"270",2006,328,73.38259
"271",2006,332,33.9
"272",2006,340,71.26645
"273",2006,356,67.9
"274",2006,360,90.62
"275",2006,364,98.4
"276",2006,368,97.62211
"277",2006,384,60.17105
"278",2006,398,99.76655
"279",2006,418,57.04106
"280",2006,422,99.38382
"281",2006,426,9.7
"282",2006,454,3.65323
"283",2006,466,16.6
"284",2006,484,99.11416
"285",2006,504,96.5
"286",2006,524,51.2
"287",2006,548,26.44
"288",2006,562,9.3
"289",2006,598,12.4
"290",2006,600,96.74905
"291",2006,604,80.15728
"292",2006,624,14.5362
"293",2006,686,49.9
"294",2006,690,99
"295",2006,704,96
"296",2006,706,15.23379
"297",2006,710,80.7
"298",2006,716,37.2
"299",2006,740,91.01984
"300",2006,760,99.50576
"301",2006,764,99.1462
"302",2006,768,27.9
"303",2006,776,92.3
"304",2006,788,99.4
"305",2006,795,99.84133
"306",2006,800,9
"307",2006,807,99
"308",2006,818,99.04
"309",2006,858,98.50543
"310",2006,860,99.4901
"311",2006,862,99.3
"312",2006,882,96.37173
"313",2006,887,55.80033
"314",2007,24,37.5
"315",2007,50,46.5
"316",2007,64,71.8
"317",2007,68,80.15657
"318",2007,70,99.7
"319",2007,76,98.12538
"320",2007,90,12.9
"321",2007,120,48.2
"322",2007,144,80
"323",2007,180,15.2
"324",2007,188,99.218
"325",2007,214,96.87634
"326",2007,218,96.81262
"327",2007,222,91.10956
"328",2007,231,79.93088
"329",2007,242,88.9
"330",2007,340,73.54819
"331",2007,360,91.1
"332",2007,368,98.1
"333",2007,400,98.8
"334",2007,422,99.9
"335",2007,430,3
"336",2007,478,33.04054
"337",2007,516,43.7
"338",2007,520,99.8
"339",2007,548,33.62462
"340",2007,566,50.13092
"341",2007,584,72.3
"342",2007,600,96.45277
"343",2007,604,81.98813
"344",2007,626,36.6
"345",2007,670,88.79
"346",2007,710,82
"347",2007,788,99.4
"348",2007,798,96.7
"349",2007,804,99.8
"350",2007,858,98.69264
"351",2007,894,18.5
"352",2008,4,42.4
"353",2008,12,99.3
"354",2008,68,84.67499
"355",2008,72,43.1
"356",2008,76,98.52663
"357",2008,108,4.8
"358",2008,116,26.4
"359",2008,170,96.80676
"360",2008,188,99.26394
"361",2008,212,90.9
"362",2008,214,97.5762
"363",2008,218,97.20658
"364",2008,222,91.00023
"365",2008,242,86.16
"366",2008,288,60.5
"367",2008,308,90
"368",2008,340,76.3969
"369",2008,360,92.73
"370",2008,388,92
"371",2008,418,66
"372",2008,422,99.9
"373",2008,478,30
"374",2008,484,98.91404
"375",2008,508,13.57122
"376",2008,566,50.3
"377",2008,600,96.6779
"378",2008,604,84.67834
"379",2008,608,83.3
"380",2008,646,6
"381",2008,694,12.1
"382",2008,710,81.9
"383",2008,788,99.4
"384",2008,807,99.2
"385",2008,818,99.8
"386",2008,834,11.5
"387",2008,858,98.78436
"388",2009,68,86.7656
"389",2009,76,98.85694
"390",2009,90,21.2
"391",2009,152,99.59366
"392",2009,170,96.05723
"393",2009,178,37.1
"394",2009,188,99.4098
"395",2009,214,97.85776
"396",2009,218,96.47086
"397",2009,222,91.08402
"398",2009,296,64.19
"399",2009,328,77.6
"400",2009,340,78.26969
"401",2009,356,75
"402",2009,360,93.55
"403",2009,398,100
"404",2009,400,99.4
"405",2009,404,23
"406",2009,408,26
"407",2009,426,17
"408",2009,430,1.9
"409",2009,450,17.4
"410",2009,458,99.3
"411",2009,462,99.9
"412",2009,466,24.0309
"413",2009,508,15
"414",2009,516,44.1
"415",2009,548,33.29112
"416",2009,558,77.91631
"417",2009,600,96.89134
"418",2009,604,86.42432
"419",2009,624,4.7
"420",2009,678,56.9
"421",2009,686,53.5
"422",2009,704,96.1
"423",2009,710,82.7
"424",2009,716,43.36908
"425",2009,728,3
"426",2009,729,29
"427",2009,762,99
"428",2009,764,98.96
"429",2009,780,99
"430",2009,788,99.5
"431",2009,800,10
"432",2009,807,99.2
"433",2009,834,11.2
"434",2009,882,97.9
"435",2010,4,42.7
"436",2010,32,98.82
"437",2010,50,55.26
"438",2010,51,99.8
"439",2010,64,73.28291
"440",2010,84,89.91722
"441",2010,104,48.8
"442",2010,108,5.3
"443",2010,116,31.1
"444",2010,132,81.1
"445",2010,140,9.8
"446",2010,144,85.3
"447",2010,148,6.4
"448",2010,156,99.7
"449",2010,170,96.789
"450",2010,188,98.99573
"451",2010,204,34.2
"452",2010,214,98.14541
"453",2010,218,97.46214
"454",2010,222,91.58024
"455",2010,275,99.9
"456",2010,288,64.2
"457",2010,296,63.16774
"458",2010,340,80.98467
"459",2010,356,76.3
"460",2010,360,94.15
"461",2010,404,19.2
"462",2010,417,99
"463",2010,454,8.7
"464",2010,484,99.2367
"465",2010,496,78.50208
"466",2010,533,93.35629
"467",2010,566,48
"468",2010,583,64.53152
"469",2010,591,86.85
"470",2010,598,19.5
"471",2010,600,97.43086
"472",2010,604,88.12306
"473",2010,624,6
"474",2010,626,38
"475",2010,646,9.7
"476",2010,662,94.2
"477",2010,688,99.7184
"478",2010,690,97
"479",2010,694,11.46217
"480",2010,710,82.9
"481",2010,728,1.5
"482",2010,740,91.19752
"483",2010,760,92.7
"484",2010,764,99.7
"485",2010,768,30.79174
"486",2010,788,99.5
"487",2010,792,100
"488",2010,795,100
"489",2010,800,12.1
"490",2010,834,14.8
"491",2010,854,13.1
"492",2010,894,22
"493",2011,4,43.22202
"494",2011,24,34.6
"495",2011,28,94.55201
"496",2011,31,99.9
"497",2011,50,59.6
"498",2011,68,88.33594
"499",2011,70,99.70578
"500",2011,72,53.24
"501",2011,76,99.32869
"502",2011,84,91.68174
"503",2011,120,53.7
"504",2011,144,87.76
"505",2011,152,99.58819
"506",2011,170,96.6936
"507",2011,184,99.26807
"508",2011,188,99.23235
"509",2011,204,36.9
"510",2011,214,97.89887
"511",2011,218,96.8727
"512",2011,222,92.57469
"513",2011,226,66.1
"514",2011,231,23
"515",2011,275,99.7
"516",2011,288,64.06256
"517",2011,308,88.8
"518",2011,320,84.02641
"519",2011,340,82.1953
"520",2011,356,67.6
"521",2011,360,94.83
"522",2011,368,98
"523",2011,384,55.8
"524",2011,388,91.1
"525",2011,398,99.79747
"526",2011,418,70
"527",2011,422,99.68401
"528",2011,430,4.1
"529",2011,450,14.3
"530",2011,454,7.6
"531",2011,480,99.4
"532",2011,496,72.05707
"533",2011,508,20.2
"534",2011,516,42.3
"535",2011,520,99
"536",2011,524,67.26
"537",2011,562,14.3
"538",2011,566,55.9
"539",2011,570,99.58
"540",2011,584,89.91961
"541",2011,600,98.23656
"542",2011,604,89.70749
"543",2011,608,87.2
"544",2011,646,10.8
"545",2011,660,97.8
"546",2011,686,56.5
"547",2011,694,14.2
"548",2011,704,99
"549",2011,710,84.7
"550",2011,716,36.9
"551",2011,768,39.7
"552",2011,776,92.17546
"553",2011,788,99.5
"554",2011,800,14.6
"555",2011,807,99.72616
"556",2011,834,14.2
"557",2011,858,99.17
"558",2011,862,98.84
"559",2011,882,96.66857
"560",2012,4,69.1
"561",2012,12,98.76466
"562",2012,64,91.5
"563",2012,68,90.38738
"564",2012,76,99.51949
"565",2012,108,6.5
"566",2012,170,97.03218
"567",2012,174,69.3
"568",2012,178,41.6
"569",2012,180,15.4
"570",2012,188,99.5033
"571",2012,204,38.4
"572",2012,214,97.86705
"573",2012,218,97.19493
"574",2012,222,93.68057
"575",2012,262,54.6
"576",2012,266,89.3
"577",2012,268,100
"578",2012,324,26.2
"579",2012,332,37.9
"580",2012,340,83.60773
"581",2012,356,79.9
"582",2012,360,96
"583",2012,368,99.3
"584",2012,384,55.8
"585",2012,388,93.1
"586",2012,400,99.5
"587",2012,417,99.8
"588",2012,418,76.36663
"589",2012,454,7.4
"590",2012,458,99.8
"591",2012,466,25.6
"592",2012,484,99.11164
"593",2012,562,14.4
"594",2012,585,97.63043
"595",2012,600,97.83562
"596",2012,604,91.09951
"597",2012,646,17.5
"598",2012,662,95.34342
"599",2012,678,57.9
"600",2012,710,85.3
"601",2012,716,44
"602",2012,762,99.1
"603",2012,764,99.10862
"604",2012,776,92.8
"605",2012,788,99.5
"606",2012,796,93.1
"607",2012,798,97.67178
"608",2012,804,99.86749
"609",2012,818,99.7
"610",2012,834,15.3
"611",2013,50,61.5
"612",2013,68,89.50569
"613",2013,76,99.57515
"614",2013,90,44.7
"615",2013,144,90.2
"616",2013,152,99.6
"617",2013,170,97.77942
"618",2013,188,99.56352
"619",2013,214,98.38585
"620",2013,218,98.03467
"621",2013,222,95.04311
"622",2013,242,91.75
"623",2013,266,86.4
"624",2013,270,51.5
"625",2013,288,70.7
"626",2013,340,87.18488
"627",2013,360,96.46426
"628",2013,430,9.8
"629",2013,450,12.9
"630",2013,454,9
"631",2013,496,81.2
"632",2013,499,99.7
"633",2013,516,47.4
"634",2013,548,31.7
"635",2013,566,55.6
"636",2013,591,89.1
"637",2013,600,99.01588
"638",2013,604,92.13537
"639",2013,608,87.5
"640",2013,646,15.2
"641",2013,686,57
"642",2013,690,98
"643",2013,694,13.5
"644",2013,710,85.4
"645",2013,788,99.7
"646",2013,800,13.9
"647",2013,834,16.4
"648",2013,858,99.61181
"649",2013,887,75.6
"650",2014,4,89.5
"651",2014,24,32
"652",2014,50,62.4
"653",2014,68,90.03873
"654",2014,76,99.65025
"655",2014,104,52
"656",2014,108,7
"657",2014,116,56.1
"658",2014,120,56.8
"659",2014,170,97.79094
"660",2014,180,13.5
"661",2014,188,99.35929
"662",2014,204,34.1
"663",2014,214,98.47098
"664",2014,218,98.97607
"665",2014,222,95.12542
"666",2014,231,27.2
"667",2014,268,100
"668",2014,275,99.9
"669",2014,288,78.3
"670",2014,320,85.49437
"671",2014,328,86.9
"672",2014,340,88.65377
"673",2014,360,97.01
"674",2014,364,100
"675",2014,384,61.9
"676",2014,404,36
"677",2014,417,99.8
"678",2014,426,27.8
"679",2014,430,9.4
"680",2014,454,11.9
"681",2014,462,100
"682",2014,478,38.8
"683",2014,484,99.17293
"684",2014,504,91.6
"685",2014,524,84.9
"686",2014,558,81.85307
"687",2014,585,99.8103
"688",2014,600,99.00072
"689",2014,604,92.91999
"690",2014,624,17.2
"691",2014,646,19.8
"692",2014,678,68.6
"693",2014,686,61
"694",2014,688,99.6608
"695",2014,704,99.2
"696",2014,710,86
"697",2014,716,32.3
"698",2014,729,44.9
"699",2014,768,45.7
"700",2014,788,99.8
"701",2014,800,20.4
"702",2014,818,99.8
"703",2014,834,23.5
"704",2014,854,19.2
"705",2014,858,99.65709
"706",2014,882,97.9
"707",2014,887,66.1
"708",2014,894,27.9
"709",2015,4,71.5
"710",2015,24,42
"711",2015,51,100
"712",2015,68,91.52282
"713",2015,76,99.7109
"714",2015,84,91.8
"715",2015,90,55.1
"716",2015,104,60.5
"717",2015,148,7.7
"718",2015,152,99.71484
"719",2015,170,98.1869
"720",2015,178,60.4
"721",2015,188,99.4098
"722",2015,214,98.56036
"723",2015,218,98.82588
"724",2015,222,95.4
"725",2015,231,29
"726",2015,296,90.55818
"727",2015,340,89.98171
"728",2015,356,88
"729",2015,360,97.53737
"730",2015,398,100
"731",2015,404,41.6
"732",2015,418,89.7
"733",2015,454,10.8
"734",2015,466,37.6
"735",2015,478,39.5
"736",2015,484,99
"737",2015,508,24
"738",2015,520,99
"739",2015,562,16.6
"740",2015,566,52.5
"741",2015,600,99.33153
"742",2015,604,93.85218
"743",2015,608,89.08
"744",2015,626,67.28153
"745",2015,646,22.8
"746",2015,686,60.5
"747",2015,710,85.5
"748",2015,716,33.7
"749",2015,764,99.6
"750",2015,795,100
"751",2015,800,18.5
"752",2015,858,99.70948
"753",2015,894,31.1
"754",2016,4,97.7
"755",2016,50,75.92
"756",2016,68,91.8
"757",2016,76,99.7
"758",2016,104,55.6
"759",2016,170,98.4
"760",2016,188,99.5
"761",2016,214,98.9
"762",2016,218,98.7
"763",2016,222,96
"764",2016,231,42.9
"765",2016,288,79.3
"766",2016,324,33.5
"767",2016,332,40.4
"768",2016,340,91.6
"769",2016,360,97.62
"770",2016,384,64.3
"771",2016,404,65.4
"772",2016,430,19.8
"773",2016,450,22.9
"774",2016,454,11
"775",2016,484,99.5
"776",2016,524,90.7
"777",2016,548,57.82
"778",2016,566,59.3
"779",2016,598,49.4
"780",2016,600,98.4
"781",2016,604,94.2
"782",2016,626,76.5
"783",2016,646,29.37
"784",2016,686,64.5
"785",2016,694,20.3
"786",2016,710,84.2
"787",2016,776,97.02
"788",2016,800,26.7
"789",2016,834,32.8
"790",2016,858,99.7
"791",2017,4,97.7
"792",2017,50,88
"793",2017,64,97.7
"794",2017,68,91.8
"795",2017,104,69.81484
"796",2017,108,9.3
"797",2017,116,89.07
"798",2017,188,99.6
"799",2017,231,44.3
"800",2017,242,96
"801",2017,262,60.2
"802",2017,270,56.2
"803",2017,288,79
"804",2017,340,86.5
"805",2017,360,98.14
"806",2017,418,93.6
"807",2017,454,12.7
"808",2017,566,54.4
"809",2017,586,70.79
"810",2017,600,99.3
"811",2017,608,93
"812",2017,646,34.1
"813",2017,686,61.7
"814",2017,694,23.4
"815",2017,710,84.4
"816",2017,762,99.3
"817",2017,768,48
"818",2017,800,22
"819",2017,882,96.8
"820",2017,887,79.2
